718080857424
998152985221
672204068690
601975525724
217687988021
498885369359
805732109038
921780237779
213088176662
861323696857
128658066349
784774983024
470455320885
383740732388
129998800414
280624491431
870094830466
231073139456
323618756255
537834100690
557274366814
587626182216
475839961842
611672838750
809024024307
443193643142
489294580292
952306638585
963657262665
573919238546
266985748857
810900555475
64401936482
462975682207
74311713690
731919598279
338589730718
138326796613
300263426994
546575407253
303441851821
456235582945
113755714982
364573643351
605087591479
540771390142
851135618515
629945459544
367353673537
787552189204
991036862701
249736744581
356462732518
570977848625
750973656446
863398136646
613357730731
535187868761
470697552089
618562435477
567731166524
72127194654
716562028881
794555137335
384069946188
613581396790
8487234328
937684558037
194482877189
453316727373
248222809373
168753840918
446312510982
113093114733
335391860186
894916409711
98048304353
164950468121
788156143468
236207807852
458131009183
277304453309
854700907116
98539345954
834452461159
425109950520
371229189708
534749980852
191652916958
538470126152
494533147301
121288055909
670406456204
510257187441
636136820678
666929364578
13193086535
930475945974
276267143060
546572749692
